$ 1 0.000005 10.20027730826997 50 5 43
R -32 176 -96 176 0 0 40 5 0 0 0.5
151 112 176 192 176 0 2 5 5
r 384 176 464 176 0 330
162 464 176 528 176 2 default-led 0 0 1 0.01
g 528 176 576 176 0
s 16 160 64 160 0 1 false
s 16 192 64 192 0 1 false
w -32 176 16 160 0
w -32 176 16 192 0
w 112 160 64 160 0
w 112 192 64 192 0
w 112 160 112 96 0
w 112 192 112 256 0
151 224 112 304 112 0 2 5 5
151 224 240 304 240 0 2 5 5
w 112 256 224 256 0
w 224 224 192 224 0
w 192 224 192 176 0
w 192 176 192 128 0
w 192 128 224 128 0
w 224 96 112 96 0
151 304 176 384 176 0 2 0 5
w 304 240 304 192 0
w 304 160 304 112 0
